|      designation|        ra|       dec|r_k20fe|j_m_k20fe|j_msig_k20fe|j_flg_k20fe|h_m_k20fe|h_msig_k20fe|h_flg_k20fe|k_m_k20fe|k_msig_k20fe|k_flg_k20fe| k_ba|k_phi|sup_ba|sup_phi|  r_ext|j_m_ext|j_msig_ext|h_m_ext|h_msig_ext|k_m_ext|k_msig_ext|cc_flg|
|             char|    double|    double| double|   double|      double|        int|   double|      double|        int|   double|      double|        int|doubl|  int|double|    int| double| double|    double| double|    double| double|    double|  char|
|                 |       deg|       deg| arcsec|      mag|         mag|           |      mag|         mag|           |      mag|         mag|           |     |  deg|      |    deg| arcsec|    mag|       mag|    mag|       mag|    mag|       mag|      |
04370131+2451147    69.255493  24.854090    10.7    14.240        0.072           0    13.473        0.089           0    13.102        0.102           3 0.480    50  0.480      50   20.23  14.170      0.109  13.373      0.136  12.932      0.140 0      
04353990+2413033    68.916252  24.217609     5.8      null         null        null    14.580        0.180           0    13.856        0.134           0 1.000    90  1.000      90   12.37  15.827      0.257  14.152      0.233  13.495      0.182 0      
04365592+2420517    69.233002  24.347696    11.7    14.625        0.102           0    13.615        0.103           0    13.508        0.137           0 0.460   -35  0.460     -35   19.78  14.193      0.116  13.162      0.116  13.063      0.166 0      
04354035+2413160    68.918137  24.221113     5.1      null         null        null      null         null        null    14.131        0.138           3 1.000    90  1.000      90   10.20  16.517      0.446  15.473      0.434  13.795      0.186 0      
04350461+2409036    68.769234  24.151007     5.2    15.764        0.135           0    14.877        0.160           0    14.738        0.202           0 0.571   -15  0.571     -15    7.28  15.543      0.204  14.877      0.160  14.477      0.307 0      
04361660+2434381    69.069183  24.577272     5.4      null         null        null      null         null        null    13.729        0.124           2 1.000    90  1.000      90   10.44  15.761      0.242  14.844      0.268  13.530      0.188 0      
04351004+2417375    68.791847  24.293774     5.0    14.953        0.082           3    14.240        0.113           3    13.787        0.107           3 1.000    90  1.000      90   10.05  14.828      0.136  13.940      0.160  13.640      0.178 0      
04370396+2448307    69.266518  24.808535     5.0    15.415        0.125           0    14.348        0.121           0    13.916        0.126           0 1.000    90  1.000      90   11.40  15.287      0.210  14.303      0.226  13.570      0.175 0      
04370535+2427157    69.272331  24.454367     5.0    15.293        0.109           1    14.564        0.144           1    14.112        0.149           1 1.000    90  1.000      90   10.05  15.293      0.109  14.471      0.242  14.011      0.249 0      
04370345+2446557    69.264381  24.782146     5.0      null         null        null      null         null        null    13.988        0.134           0 1.000    90  1.000      90   10.05  15.775      0.243  15.233      0.381  13.796      0.209 0      
04364743+2449296    69.197655  24.824905    21.0    12.733        0.041           0    11.794        0.049           0    11.366        0.059           0 0.380    35  0.380      30   33.86  12.599      0.053  11.664      0.051  11.269      0.054 0      
04370352+2440007    69.264687  24.666866     5.0    15.641        0.150           0    14.498        0.135           0    14.265        0.171           0 1.000    90  1.000      90   10.05  15.607      0.267  14.242      0.203  13.874      0.218 0      
04334519+2533559    68.438332  25.565536     6.3    14.817        0.078           0    13.943        0.092           0    13.453        0.086           0 0.800    -5  0.600     -25   12.88  14.574      0.112  13.844      0.161  13.307      0.139 0      
04335843+2534499    68.493462  25.580528     5.0      null         null        null    14.496        0.137           1    14.146        0.143           1 1.000    90  1.000      90   10.05  15.870      0.248  14.425      0.243  14.063      0.248 0      
04295757+2419178    67.489876  24.321615     5.0    15.464        0.117           0    14.424        0.121           0    13.898        0.113           0 1.000    90  1.000      90   10.05  15.431      0.212  14.185      0.179  13.766      0.187 0      
04294414+2435145    67.433929  24.587385     7.4      null         null        null    14.627        0.161           0    13.800        0.115           0 0.575    85  0.575      85   22.17  16.451      0.397  14.400      0.327  13.335      0.168 0      
04285109+2424398    67.212914  24.411068     5.0      null         null        null      null         null        null    14.200        0.143           0 1.000    90  1.000      90   10.05  16.373      0.356  14.856      0.239  13.844      0.191 0      
04294366+2448095    67.431938  24.802664     5.0    15.892        0.171           0    14.454        0.123           0    14.222        0.150           0 1.000    90  1.000      90   10.05  15.676      0.265  14.191      0.184  14.208      0.274 0      
04290726+2410598    67.280266  24.183290     5.4    15.816        0.171           0    14.549        0.142           0    13.952        0.127           0 1.000    90  1.000      90   10.44  15.539      0.243  14.233      0.191  13.718      0.187 0      
04295625+2413468    67.484406  24.229670     5.0    15.461        0.117           0    14.265        0.104           0    13.986        0.123           0 1.000    90  1.000      90    8.06  15.085      0.145  13.949      0.137  13.946      0.213 0      
04293377+2413386    67.390717  24.227404    23.8    12.385        0.033           0    11.414        0.042           0    11.044        0.052           0 0.420   -35  0.360     -35   37.21  12.274      0.038  11.314      0.043  10.902      0.043 0      
04295070+2444185    67.461258  24.738476     6.6    14.862        0.073           0    13.827        0.073           0    13.327        0.075           0 0.640    50  1.000      90   13.47  14.746      0.118  13.779      0.131  13.075      0.104 0      
04293007+2439546    67.375298  24.665186     8.7    13.309        0.035           0    11.748        0.027           0    10.931        0.024           0 0.880    30  0.720      15   22.44  13.063      0.048  11.629      0.034  10.875      0.026 0      
04295793+2413498    67.491409  24.230503     6.0    15.345        0.094           0    14.445        0.110           0    13.886        0.100           0 0.553     0  0.640     -15   13.27  14.985      0.124  14.348      0.209  13.828      0.181 0      
04295106+2416287    67.462761  24.274664     5.0      null         null        null    14.812        0.172           0    14.205        0.150           0 1.000    90  1.000      90   10.05  15.942      0.254  14.553      0.252  13.914      0.212 0      
04295023+2417345    67.459312  24.292923     5.0    15.199        0.092           3    14.272        0.106           3    13.837        0.108           3 1.000    90  1.000      90   10.05  15.087      0.153  14.134      0.171  13.675      0.171 0      
04295099+2413357    67.462471  24.226608     5.0    15.712        0.147           0    14.818        0.173           3    14.084        0.134           3 1.000    90  1.000      90   10.05  15.542      0.232  14.417      0.218  13.816      0.192 0      
04333278+2414394    68.386604  24.244289     7.7    15.562        0.130           0    14.732        0.163           0    14.286        0.158           0 0.395   -40  0.320     -40   15.12  15.482      0.224  14.311      0.253  14.000      0.220 0      
04325924+2430398    68.246834  24.511057     5.0      null         null        null    14.681        0.157           0    14.130        0.141           0 1.000    90  1.000      90   10.05  16.037      0.283  14.192      0.185  14.002      0.229 0      
04330594+2421284    68.274765  24.357914     6.7    15.140        0.104           0    14.048        0.102           0    13.531        0.093           0 0.720    70  0.720      70   13.26  14.811      0.141  13.585      0.125  13.310      0.139 0      
04321340+2523454    68.055855  25.395952     6.1    15.096        0.105           0    14.279        0.130           0    13.514        0.097           0 1.000    90  1.000      90   11.40  14.826      0.150  14.169      0.216  13.337      0.154 0      
04324196+2501408    68.174843  25.028027     5.8    15.489        0.111           0    14.487        0.117           0    14.192        0.133           0 0.590    35  0.590      35   12.56  15.105      0.142  14.294      0.187  13.964      0.203 0      
04301843+2457337    67.576813  24.959377     6.8    15.163        0.121           0    14.147        0.127           0    13.551        0.111           0 1.000    90  1.000      90   12.21  14.961      0.184  13.923      0.190  13.184      0.147 0      
04320028+2515293    68.001190  25.258162     6.5    15.569        0.120           0    14.874        0.166           0    14.447        0.170           0 0.475   -15  0.475      -5   13.39  15.343      0.225  14.401      0.243  14.177      0.258 0      
04322721+2527494    68.113380  25.463724     5.0    15.312        0.105           0    14.474        0.128           0    13.926        0.117           0 1.000    90  1.000      90   10.05  14.975      0.143  14.311      0.204  13.885      0.208 0      
04322881+2515053    68.120056  25.251499     5.0    15.571        0.133           0    14.751        0.165           0    14.042        0.130           0 1.000    90  1.000      90   10.05  15.523      0.239  14.728      0.310  13.967      0.226 0      
04321871+2504454    68.077965  25.079285     6.7    15.385        0.122           3    14.582        0.153           3    13.691        0.102           3 0.660    -5  0.660      -5   15.86  14.927      0.154  14.542      0.295  13.429      0.153 0      
04300877+2430548    67.536560  24.515224     5.0      null         null        null    14.871        0.179           0    14.197        0.147           0 1.000    90  1.000      90   10.05  16.188      0.309  14.393      0.213  14.089      0.248 0      
04302567+2419311    67.606995  24.325323     7.8    14.575        0.076           0    13.576        0.077           0    12.989        0.079           0 0.740   -20  0.880     -30   13.36  14.370      0.105  13.419      0.112  12.845      0.104 0      
04300709+2441268    67.529572  24.690781     5.1    15.011        0.077           0    14.099        0.089           0    13.614        0.087           0 1.000    90  1.000      90   10.20  14.935      0.133  14.014      0.154  13.455      0.138 0      
04300372+2444328    67.515511  24.742449     5.2    15.054        0.061           0    14.487        0.097           0    14.243        0.118           0 0.563     0  0.563       0   11.56  14.888      0.099  14.285      0.149  14.150      0.201 0      
04302202+2420411    67.591751  24.344765     5.0    15.763        0.154           0    14.827        0.167           0    14.317        0.165           0 1.000    90  1.000      90   10.05  15.517      0.236  14.516      0.231  14.015      0.232 0      
04303782+2417241    67.657585  24.290041     5.0    15.546        0.126           0    14.524        0.126           0    14.464        0.189           0 1.000    90  1.000      90    5.00  15.546      0.126  14.524      0.126  14.464      0.189 0      
04320220+2436523    68.009171  24.614552     5.1    15.577        0.098           0    14.512        0.098           0    14.188        0.112           0 0.550    90  0.550      90   10.16  15.210      0.139  14.223      0.137  14.016      0.186 0      
04301200+2437387    67.550034  24.627443     9.6    15.307        0.115           0    14.162        0.109           0    13.626        0.101           0 0.374   -20  0.480     -15   16.63  15.142      0.177  13.909      0.154  13.477      0.159 0      
04320879+2443354    68.036644  24.726505     5.0    15.146        0.087           0    14.364        0.113           0    13.976        0.121           0 1.000    90  1.000      90   10.05  14.989      0.141  14.120      0.166  13.745      0.180 0      
04303645+2445081    67.651909  24.752264     5.0      null         null        null      null         null        null    14.204        0.147           0 1.000    90  1.000      90   11.40  15.919      0.243  14.767      0.218  13.955      0.220 0      
04301537+2435077    67.564072  24.585493     5.0      null         null        null      null         null        null    14.227        0.151           0 1.000    90  1.000      90   10.05  16.648      0.472  14.960      0.271  14.190      0.267 0      
04311670+2440174    67.819611  24.671501     5.0    15.793        0.157           0    14.804        0.162           0    13.999        0.121           0 1.000    90  0.523      35   10.05  15.484      0.225  14.201      0.183  13.955      0.219 0      
04301164+2441497    67.548523  24.697165     5.0    15.672        0.139           0    14.678        0.149           0    14.085        0.132           0 1.000    90  1.000      90   10.05  15.493      0.218  14.650      0.269  14.077      0.241 0      
04295799+2451158    67.491638  24.854393     7.4    15.786        0.156           0    14.872        0.181           0    14.114        0.137           0 0.471    80  0.400      80   10.36  15.573      0.227  14.727      0.282  13.814      0.186 0      
04343453+2516557    68.643890  25.282145     5.2    15.457        0.127           0    14.739        0.177           0    13.994        0.130           0 1.000    90  1.000      90   10.30  15.247      0.194  14.384      0.233  13.769      0.195 0      
04345390+2530416    68.724586  25.511572     6.8    14.474        0.073           0    13.523        0.080           0    13.037        0.080           0 0.880   -40  0.860     -85   13.62  14.409      0.117  13.391      0.123  12.889      0.111 0      
04334564+2514339    68.440193  25.242760     7.8    15.271        0.131           0    14.371        0.155           0    13.558        0.108           0 0.680   -45  0.680     -45   14.89  15.039      0.199  14.062      0.219  13.224      0.147 0      
04333701+2518499    68.404236  25.313866     5.0    15.452        0.121           0    14.651        0.157           0    14.192        0.150           0 1.000    90  1.000      90    9.49  15.065      0.151  14.651      0.157  13.988      0.230 0      
04340703+2518398    68.529297  25.311056     5.0    15.149        0.092           0    14.181        0.101           4    14.185        0.149           0 1.000    90  1.000      90   10.05  15.033      0.152  13.805      0.132  14.159      0.268 0      
04340203+2525568    68.508469  25.432468     5.0    15.822        0.170           0    14.814        0.183           0    14.210        0.152           0 1.000    90  1.000      90    7.81  15.563      0.237  14.466      0.234  14.155      0.256 0      
04334793+2527439    68.449722  25.462204     7.4    14.892        0.077           0    14.216        0.110           0    13.880        0.117           0 0.502     5  0.460       0   12.83  14.805      0.132  14.023      0.175  13.731      0.226 0      
04351476+2529044    68.811523  25.484570     5.2    15.345        0.121           0    14.684        0.178           0    13.776        0.108           0 1.000    90  1.000      90   10.30  15.085      0.177  14.417      0.256  13.569      0.166 0      
04353220+2446134    68.884171  24.770399     5.1    15.458        0.133           0    14.643        0.168           0    13.972        0.129           0 1.000    90  1.000      90   10.20  15.342      0.222  14.547      0.284  13.754      0.192 0      
04342590+2426587    68.607918  24.449663     7.5    15.505        0.125           0    14.337        0.115           0    13.645        0.089           0 0.440    35  0.440      35    7.48  15.505      0.125  14.337      0.115  13.645      0.089 0      
04343577+2422377    68.649063  24.377142     6.9    15.139        0.125           0    13.972        0.116           0    13.447        0.107           0 1.000    90  1.000      90   14.56  15.104      0.238  13.575      0.154  13.285      0.175 0      
04341895+2438318    68.578964  24.642170     5.0    15.053        0.084           2      null         null        null    14.087        0.135           2 1.000    90  1.000      90    9.49  14.680      0.105  14.711      0.000  14.087      0.135 0      
04344134+2437066    68.672272  24.618509     5.0    15.490        0.132           0      null         null        null    14.485        0.201           0 1.000    90  1.000      90    8.00  15.293      0.196  14.739      0.000  14.144      0.259 0      
04342670+2426577    68.611275  24.449385     5.0    15.375        0.112           1      null         null        null    14.384        0.178           1 1.000    90  1.000      90    7.28  15.263      0.177  15.007      0.284  14.127      0.245 0      
04362054+2449001    69.085587  24.816721    16.8    13.315        0.061           0    12.153        0.062           0    11.527        0.061           0 0.440    90  0.380      90   28.54  13.201      0.077  11.946      0.065  11.444      0.060 0      
04360200+2443300    69.008354  24.725021    13.4    14.907        0.122           3    13.354        0.084           3    12.697        0.079           3 0.400   -40  0.420     -45   25.19  14.231      0.122  12.880      0.089  12.472      0.092 0      
04365432+2500076    69.226349  25.002138     7.6    14.772        0.085           3    13.947        0.098           0    13.360        0.094           0 0.600    90  0.480     -85   14.39  14.559      0.125  13.893      0.176  13.190      0.142 0      
04362890+2508182    69.120453  25.138395     7.3    14.557        0.092           0    13.610        0.098           0    13.233        0.105           0 0.800    80  1.000      90   12.76  14.406      0.133  13.581      0.164  13.105      0.153 0      
04363435+2507402    69.143158  25.127840     8.1    14.740        0.095           0    13.776        0.098           0    13.529        0.112           0 0.520   -25  0.540     -30   17.91  14.458      0.133  13.389      0.128  13.307      0.178 0      
04361476+2508241    69.061539  25.140047     9.7    13.937        0.074           0    13.074        0.088           0    12.673        0.096           0 0.720    75  0.740      65   18.99  13.661      0.090  12.740      0.100  12.502      0.117 0      
04351185+2457104    68.799377  24.952902     5.0    15.251        0.108           4      null         null        null    14.277        0.169           0 1.000    90  1.000      90   10.05  14.951      0.147  17.432       null  13.927      0.236 0      
04355120+2456440    68.963341  24.945572    10.1    14.960        0.095           3    13.912        0.091           3    13.561        0.100           0 0.388   -60  0.460     -65   19.75  14.798      0.155  13.638      0.131  13.350      0.152 0      
04350836+2512174    68.784874  25.204842    11.4    14.103        0.087           2    12.982        0.089           2    12.608        0.098           2 0.740    45  0.400      60   21.55  13.987      0.128  12.206      0.067  12.371      0.111 0      
04350752+2512086    68.781357  25.202391    37.7    12.302        0.040           0    11.233        0.047           0    10.739        0.048           0 0.220    55  0.240      55   55.48  12.184      0.044  11.091      0.046  10.626      0.042 0      
04350361+2511026    68.765083  25.184063    21.6    13.002        0.050           3    12.208        0.068           3    11.825        0.078           3 0.360    50  0.340      50   47.86  12.567      0.058  11.720      0.070  11.457      0.080 0      
04354566+2507440    68.940285  25.128899     6.4    15.326        0.104           0    14.464        0.119           0    13.947        0.112           0 0.600    15  0.600      15    9.61  15.055      0.142  14.464      0.119  13.718      0.161 0      
04294816+2514495    67.450684  25.247095     5.3    14.924        0.063           0    14.344        0.098           0    13.989        0.106           0 0.660   -75  1.000      90   11.91  14.788      0.102  14.138      0.156  13.701      0.154 0      
04311196+2514554    67.799873  25.248728     5.0    14.770        0.065           0    14.207        0.094           0    13.933        0.115           0 1.000    90  1.000      90   12.00  14.467      0.087  14.207      0.094  13.933      0.115 0      
04294482+2509015    67.436790  25.150438     9.7    13.514        0.044           0    12.662        0.057           0    12.277        0.066           0 0.780     0  0.880      10   18.17  13.333      0.054  12.593      0.074  12.162      0.074 0      
04310061+2514514    67.752579  25.247620     5.0    14.922        0.073           0    14.197        0.093           0    13.975        0.119           0 1.000    90  1.000      90   10.05  14.858      0.125  14.091      0.157  13.685      0.169 0      
04311160+2524174    67.798370  25.404840     5.0      null         null        null      null         null        null    14.096        0.133           0 1.000    90  1.000      90   10.05  16.491      0.421  14.849      0.237  13.926      0.214 0      
04310732+2524104    67.780533  25.402897    12.8    13.274        0.047           0    12.389        0.056           0    11.940        0.066           0 0.740    80  0.820      55   37.79  13.090      0.093  12.292      0.114  11.544      0.090 0      
04300483+2512438    67.520149  25.212170     9.8    15.161        0.126           0    14.540        0.187           0    13.874        0.156           2 0.527    15  0.580       0   19.06  14.827      0.181  14.281      0.281  13.542      0.213 0      
04303117+2503221    67.629906  25.056154     6.3      null         null        null      null         null        null    13.935        0.145           0 1.000    90  1.000      90   11.40  15.928      0.251  15.159      0.318  13.514      0.183 0      
04295119+2518327    67.463318  25.309109     6.4    14.596        0.063           0    13.789        0.074           0    13.603        0.094           0 0.740   -35  0.700     -45   12.25  14.268      0.078  13.674      0.120  13.238      0.122 0      
04292590+2513296    67.357933  25.224911     5.4    15.449        0.126           0    14.684        0.169           0    14.335        0.183           0 1.000    90  1.000      90   10.44  15.344      0.210  14.352      0.226  13.969      0.239 0      
04291403+2513098    67.308487  25.219393     5.0    15.373        0.105           0    14.397        0.114           0    13.850        0.106           0 1.000    90  1.000      90   10.05  15.276      0.177  14.397      0.114  13.676      0.166 0      
04292339+2458436    67.347488  24.978802     7.3    15.332        0.109           0    14.340        0.118           0    13.818        0.110           0 0.520   -20  0.500     -20   15.49  15.054      0.156  14.094      0.184  13.726      0.195 0      
04314182+2535253    67.924255  25.590374     5.1    15.510        0.125           0    14.619        0.144           0    13.827        0.106           0 1.000    90  1.000      90   10.20  15.370      0.204  14.371      0.209  13.740      0.183 0      
04314315+2535083    67.929794  25.585651     5.0    15.723        0.149           1    14.673        0.149           1    14.250        0.153           1 1.000    90  1.000      90   10.05  15.420      0.207  14.593      0.254  14.067      0.238 0      
04354789+2407280    68.949547  24.124458     5.0      null         null        null      null         null        null    14.142        0.137           0 1.000    90  1.000      90   10.05  16.790      0.571  14.915      0.259  13.880      0.203 0      
04340485+2350390    68.520241  23.844177     7.8    15.301        0.181           0    14.273        0.190           0    13.505        0.134           0 1.000    90  1.000      90   16.49  14.982      0.268  14.043      0.305  13.164      0.191 0      
04353535+2408194    68.897331  24.138729    40.5      null         null        null    11.678        0.108           0    10.132        0.046           0 0.460    35  0.500      35   75.97  16.122      0.337  11.504      0.148   9.826      0.046 0      
04345428+2351067    68.726196  23.851864     5.1    15.203        0.089           0    14.402        0.110           0    13.751        0.105           0 1.000    90  1.000      90    8.49  14.838      0.113  14.281      0.177  13.672      0.173 0      
04341841+2406078    68.576744  24.102169    11.8    13.760        0.067           0    12.693        0.073           0    12.057        0.070           0 0.780    30  0.780      40   35.36  13.523      0.136  12.586      0.157  11.585      0.090 0      
04300787+2404098    67.532799  24.069391     8.0    14.939        0.084           0    13.903        0.086           0    13.404        0.086           0 0.500    50  0.640      50   17.83  14.772      0.134  13.441      0.106  13.206      0.129 0      
04292653+2408436    67.360550  24.145466     5.2    15.419        0.116           0    14.417        0.125           0    13.801        0.108           0 1.000    90  1.000      90    9.49  15.030      0.144  14.417      0.125  13.573      0.158 0      
04292557+2406406    67.356583  24.111300     8.2    14.750        0.087           3    13.952        0.106           3    13.429        0.103           3 0.680   -65  0.880      90   20.30  14.153      0.098  13.900      0.217  13.062      0.148 0      
04315960+2350453    67.998360  23.845936     5.0    15.197        0.091           1    14.514        0.135           1    13.804        0.091           1 1.000    90  1.000      90   10.05  14.905      0.129  14.452      0.234  13.751      0.161 0      
04320200+2345273    68.008369  23.757601     8.6    13.996        0.052           0    13.276        0.072           0    12.831        0.067           0 0.680     0  0.640     -10   16.81  13.868      0.071  13.065      0.094  12.701      0.089 0      
04313696+2342478    67.904022  23.713293     5.0    15.413        0.138           0      null         null        null    14.087        0.157           0 1.000    90  1.000      90   10.05  15.338      0.238  14.682      0.000  13.924      0.250 0      
04310708+2355014    67.779518  23.917063     5.0    16.135        0.218           0    15.233        0.244           0    14.573        0.209           0 1.000    90  1.000      90   10.05  15.660      0.310  14.616      0.281  14.260      0.302 0      
04305663+2353471    67.735970  23.896439     5.6    15.035        0.070           0    14.116        0.071           0    13.631        0.083           0 0.660   -50  0.660     -50   11.01  14.881      0.109  13.969      0.112  13.498      0.132 0      
04305869+2403211    67.744553  24.055878     8.2    15.555        0.126           5    14.443        0.117           5    13.935        0.115           5 0.368   -40  0.300     -40   13.88  15.453      0.248  14.443      0.117  13.622      0.261 0      
04312490+2345557    67.853775  23.765486     6.4    14.106        0.047           0    13.078        0.045           0    12.753        0.064           0 0.920    -5  0.460     -20   11.70  13.954      0.065  12.826      0.053  12.656      0.083 0      
04312811+2350477    67.867142  23.846594     5.7    15.727        0.126           0    14.883        0.135           0    14.153        0.125           0 0.564    30  0.564      30   11.16  15.591      0.212  14.814      0.239  13.997      0.201 0      
04313010+2349468    67.875443  23.829672     5.0    15.173        0.110           0    14.230        0.118           0    13.763        0.117           0 1.000    90  1.000      90   10.05  14.700      0.131  13.850      0.152  13.481      0.169 0      
04320777+2343350    68.032379  23.726414     5.0    15.131        0.106           3    14.238        0.115           1    13.966        0.140           3 1.000    90  1.000      90   10.05  15.125      0.191  14.238      0.115  13.880      0.235 0      
04310245+2352076    67.760223  23.868788     5.0      null         null        null    14.957        0.168           0    14.213        0.154           0 1.000    90  1.000      90   11.40  15.847      0.229  14.745      0.264  14.001      0.240 0      
04304576+2406251    67.690704  24.106974     5.0    15.354        0.106           3    13.993        0.078           3    13.806        0.103           3 1.000    90  1.000      90   10.05  15.330      0.190  13.820      0.121  13.770      0.184 0      
04303817+2407341    67.659065  24.126152     5.7    15.609        0.154           0    14.786        0.185           0    14.012        0.143           0 1.000    90  1.000      90   11.00  15.321      0.217  14.506      0.263  13.645      0.186 0      
04334011+2353459    68.417152  23.896090     5.0    15.517        0.128           3    14.680        0.161           3    14.120        0.142           3 1.000    90  1.000      90   10.05  15.170      0.171  14.469      0.243  13.989      0.233 0      
04334945+2358019    68.456047  23.967203     5.0    14.587        0.059           1    14.130        0.097           1    13.667        0.093           1 1.000    90  1.000      90   10.05  14.419      0.085  14.130      0.097  13.521      0.149 0      
04332895+2359564    68.370651  23.999020     5.4    15.733        0.169           0      null         null        null    13.858        0.120           0 1.000    90  1.000      90   10.44  15.311      0.210  14.659      0.000  13.534      0.164 0      
04331416+2348559    68.309021  23.815554     6.3    15.160        0.097           0    14.274        0.112           0    13.677        0.096           0 0.600    90  0.560     -75   12.86  14.882      0.138  14.073      0.174  13.545      0.159 0      
