     1	 3500.  0.00000  -0.1
     2	 3500.  0.50000  -0.1
     3	 3500.  1.00000  -0.1
     4	 3500.  1.50000  -0.1
     5	 3500.  2.00000  -0.1
     6	 3500.  2.50000  -0.1
     7	 3500.  3.00000  -0.1
     8	 3500.  3.50000  -0.1
     9	 3500.  4.00000  -0.1
    10	 3500.  4.50000  -0.1
    11	 3500.  5.00000  -0.1
    12	 3750.  0.00000  -0.1
    13	 3750.  0.50000  -0.1
    14	 3750.  1.00000  -0.1
    15	 3750.  1.50000  -0.1
    16	 3750.  2.00000  -0.1
    17	 3750.  2.50000  -0.1
    18	 3750.  3.00000  -0.1
    19	 3750.  3.50000  -0.1
    20	 3750.  4.00000  -0.1
    21	 3750.  4.50000  -0.1
    22	 3750.  5.00000  -0.1
    23	 4000.  0.00000  -0.1
    24	 4000.  0.50000  -0.1
    25	 4000.  1.00000  -0.1
    26	 4000.  1.50000  -0.1
    27	 4000.  2.00000  -0.1
    28	 4000.  2.50000  -0.1
    29	 4000.  3.00000  -0.1
    30	 4000.  3.50000  -0.1
    31	 4000.  4.00000  -0.1
    32	 4000.  4.50000  -0.1
    33	 4000.  5.00000  -0.1
    34	 4250.  0.00000  -0.1
    35	 4250.  0.50000  -0.1
    36	 4250.  1.00000  -0.1
    37	 4250.  1.50000  -0.1
    38	 4250.  2.00000  -0.1
    39	 4250.  2.50000  -0.1
    40	 4250.  3.00000  -0.1
    41	 4250.  3.50000  -0.1
    42	 4250.  4.00000  -0.1
    43	 4250.  4.50000  -0.1
    44	 4250.  5.00000  -0.1
    45	 4500.  0.00000  -0.1
    46	 4500.  0.50000  -0.1
    47	 4500.  1.00000  -0.1
    48	 4500.  1.50000  -0.1
    49	 4500.  2.00000  -0.1
    50	 4500.  2.50000  -0.1
    51	 4500.  3.00000  -0.1
    52	 4500.  3.50000  -0.1
    53	 4500.  4.00000  -0.1
    54	 4500.  4.50000  -0.1
    55	 4500.  5.00000  -0.1
    56	 4750.  0.00000  -0.1
    57	 4750.  0.50000  -0.1
    58	 4750.  1.00000  -0.1
    59	 4750.  1.50000  -0.1
    60	 4750.  2.00000  -0.1
    61	 4750.  2.50000  -0.1
    62	 4750.  3.00000  -0.1
    63	 4750.  3.50000  -0.1
    64	 4750.  4.00000  -0.1
    65	 4750.  4.50000  -0.1
    66	 4750.  5.00000  -0.1
    67	 5000.  0.00000  -0.1
    68	 5000.  0.50000  -0.1
    69	 5000.  1.00000  -0.1
    70	 5000.  1.50000  -0.1
    71	 5000.  2.00000  -0.1
    72	 5000.  2.50000  -0.1
    73	 5000.  3.00000  -0.1
    74	 5000.  3.50000  -0.1
    75	 5000.  4.00000  -0.1
    76	 5000.  4.50000  -0.1
    77	 5000.  5.00000  -0.1
    78	 5250.  0.00000  -0.1
    79	 5250.  0.50000  -0.1
    80	 5250.  1.00000  -0.1
    81	 5250.  1.50000  -0.1
    82	 5250.  2.00000  -0.1
    83	 5250.  2.50000  -0.1
    84	 5250.  3.00000  -0.1
    85	 5250.  3.50000  -0.1
    86	 5250.  4.00000  -0.1
    87	 5250.  4.50000  -0.1
    88	 5250.  5.00000  -0.1
    89	 5500.  0.00000  -0.1
    90	 5500.  0.50000  -0.1
    91	 5500.  1.00000  -0.1
    92	 5500.  1.50000  -0.1
    93	 5500.  2.00000  -0.1
    94	 5500.  2.50000  -0.1
    95	 5500.  3.00000  -0.1
    96	 5500.  3.50000  -0.1
    97	 5500.  4.00000  -0.1
    98	 5500.  4.50000  -0.1
    99	 5500.  5.00000  -0.1
   100	 5750.  0.00000  -0.1
   101	 5750.  0.50000  -0.1
   102	 5750.  1.00000  -0.1
   103	 5750.  1.50000  -0.1
   104	 5750.  2.00000  -0.1
   105	 5750.  2.50000  -0.1
   106	 5750.  3.00000  -0.1
   107	 5750.  3.50000  -0.1
   108	 5750.  4.00000  -0.1
   109	 5750.  4.50000  -0.1
   110	 5750.  5.00000  -0.1
   111	 6000.  0.00000  -0.1
   112	 6000.  0.50000  -0.1
   113	 6000.  1.00000  -0.1
   114	 6000.  1.50000  -0.1
   115	 6000.  2.00000  -0.1
   116	 6000.  2.50000  -0.1
   117	 6000.  3.00000  -0.1
   118	 6000.  3.50000  -0.1
   119	 6000.  4.00000  -0.1
   120	 6000.  4.50000  -0.1
   121	 6000.  5.00000  -0.1
   122	 6250.  0.50000  -0.1
   123	 6250.  1.00000  -0.1
   124	 6250.  1.50000  -0.1
   125	 6250.  2.00000  -0.1
   126	 6250.  2.50000  -0.1
   127	 6250.  3.00000  -0.1
   128	 6250.  3.50000  -0.1
   129	 6250.  4.00000  -0.1
   130	 6250.  4.50000  -0.1
   131	 6250.  5.00000  -0.1
   132	 6500.  0.50000  -0.1
   133	 6500.  1.00000  -0.1
   134	 6500.  1.50000  -0.1
   135	 6500.  2.00000  -0.1
   136	 6500.  2.50000  -0.1
   137	 6500.  3.00000  -0.1
   138	 6500.  3.50000  -0.1
   139	 6500.  4.00000  -0.1
   140	 6500.  4.50000  -0.1
   141	 6500.  5.00000  -0.1
   142	 6750.  0.50000  -0.1
   143	 6750.  1.00000  -0.1
   144	 6750.  1.50000  -0.1
   145	 6750.  2.00000  -0.1
   146	 6750.  2.50000  -0.1
   147	 6750.  3.00000  -0.1
   148	 6750.  3.50000  -0.1
   149	 6750.  4.00000  -0.1
   150	 6750.  4.50000  -0.1
   151	 6750.  5.00000  -0.1
   152	 7000.  0.50000  -0.1
   153	 7000.  1.00000  -0.1
   154	 7000.  1.50000  -0.1
   155	 7000.  2.00000  -0.1
   156	 7000.  2.50000  -0.1
   157	 7000.  3.00000  -0.1
   158	 7000.  3.50000  -0.1
   159	 7000.  4.00000  -0.1
   160	 7000.  4.50000  -0.1
   161	 7000.  5.00000  -0.1
   162	 7250.  0.50000  -0.1
   163	 7250.  1.00000  -0.1
   164	 7250.  1.50000  -0.1
   165	 7250.  2.00000  -0.1
   166	 7250.  2.50000  -0.1
   167	 7250.  3.00000  -0.1
   168	 7250.  3.50000  -0.1
   169	 7250.  4.00000  -0.1
   170	 7250.  4.50000  -0.1
   171	 7250.  5.00000  -0.1
   172	 7500.  0.50000  -0.1
   173	 7500.  1.00000  -0.1
   174	 7500.  1.50000  -0.1
   175	 7500.  2.00000  -0.1
   176	 7500.  2.50000  -0.1
   177	 7500.  3.00000  -0.1
   178	 7500.  3.50000  -0.1
   179	 7500.  4.00000  -0.1
   180	 7500.  4.50000  -0.1
   181	 7500.  5.00000  -0.1
   182	 7750.  1.00000  -0.1
   183	 7750.  1.50000  -0.1
   184	 7750.  2.00000  -0.1
   185	 7750.  2.50000  -0.1
   186	 7750.  3.00000  -0.1
   187	 7750.  3.50000  -0.1
   188	 7750.  4.00000  -0.1
   189	 7750.  4.50000  -0.1
   190	 7750.  5.00000  -0.1
   191	 8000.  1.00000  -0.1
   192	 8000.  1.50000  -0.1
   193	 8000.  2.00000  -0.1
   194	 8000.  2.50000  -0.1
   195	 8000.  3.00000  -0.1
   196	 8000.  3.50000  -0.1
   197	 8000.  4.00000  -0.1
   198	 8000.  4.50000  -0.1
   199	 8000.  5.00000  -0.1
   200	 8250.  1.00000  -0.1
   201	 8250.  1.50000  -0.1
   202	 8250.  2.00000  -0.1
   203	 8250.  2.50000  -0.1
   204	 8250.  3.00000  -0.1
   205	 8250.  3.50000  -0.1
   206	 8250.  4.00000  -0.1
   207	 8250.  4.50000  -0.1
   208	 8250.  5.00000  -0.1
   209	 8500.  1.00000  -0.1
   210	 8500.  1.50000  -0.1
   211	 8500.  2.00000  -0.1
   212	 8500.  2.50000  -0.1
   213	 8500.  3.00000  -0.1
   214	 8500.  3.50000  -0.1
   215	 8500.  4.00000  -0.1
   216	 8500.  4.50000  -0.1
   217	 8500.  5.00000  -0.1
   218	 8750.  1.50000  -0.1
   219	 8750.  2.00000  -0.1
   220	 8750.  2.50000  -0.1
   221	 8750.  3.00000  -0.1
   222	 8750.  3.50000  -0.1
   223	 8750.  4.00000  -0.1
   224	 8750.  4.50000  -0.1
   225	 8750.  5.00000  -0.1
   226	 9000.  1.50000  -0.1
   227	 9000.  2.00000  -0.1
   228	 9000.  2.50000  -0.1
   229	 9000.  3.00000  -0.1
   230	 9000.  3.50000  -0.1
   231	 9000.  4.00000  -0.1
   232	 9000.  4.50000  -0.1
   233	 9000.  5.00000  -0.1
   234	 9250.  2.00000  -0.1
   235	 9250.  2.50000  -0.1
   236	 9250.  3.00000  -0.1
   237	 9250.  3.50000  -0.1
   238	 9250.  4.00000  -0.1
   239	 9250.  4.50000  -0.1
   240	 9250.  5.00000  -0.1
   241	 9500.  2.00000  -0.1
   242	 9500.  2.50000  -0.1
   243	 9500.  3.00000  -0.1
   244	 9500.  3.50000  -0.1
   245	 9500.  4.00000  -0.1
   246	 9500.  4.50000  -0.1
   247	 9500.  5.00000  -0.1
   248	 9750.  2.00000  -0.1
   249	 9750.  2.50000  -0.1
   250	 9750.  3.00000  -0.1
   251	 9750.  3.50000  -0.1
   252	 9750.  4.00000  -0.1
   253	 9750.  4.50000  -0.1
   254	 9750.  5.00000  -0.1
   255	10000.  2.00000  -0.1
   256	10000.  2.50000  -0.1
   257	10000.  3.00000  -0.1
   258	10000.  3.50000  -0.1
   259	10000.  4.00000  -0.1
   260	10000.  4.50000  -0.1
   261	10000.  5.00000  -0.1
   262	10500.  2.00000  -0.1
   263	10500.  2.50000  -0.1
   264	10500.  3.00000  -0.1
   265	10500.  3.50000  -0.1
   266	10500.  4.00000  -0.1
   267	10500.  4.50000  -0.1
   268	10500.  5.00000  -0.1
   269	11000.  2.50000  -0.1
   270	11000.  3.00000  -0.1
   271	11000.  3.50000  -0.1
   272	11000.  4.00000  -0.1
   273	11000.  4.50000  -0.1
   274	11000.  5.00000  -0.1
   275	11500.  2.50000  -0.1
   276	11500.  3.00000  -0.1
   277	11500.  3.50000  -0.1
   278	11500.  4.00000  -0.1
   279	11500.  4.50000  -0.1
   280	11500.  5.00000  -0.1
   281	12000.  2.50000  -0.1
   282	12000.  3.00000  -0.1
   283	12000.  3.50000  -0.1
   284	12000.  4.00000  -0.1
   285	12000.  4.50000  -0.1
   286	12000.  5.00000  -0.1
   287	12500.  2.50000  -0.1
   288	12500.  3.00000  -0.1
   289	12500.  3.50000  -0.1
   290	12500.  4.00000  -0.1
   291	12500.  4.50000  -0.1
   292	12500.  5.00000  -0.1
   293	13000.  2.50000  -0.1
   294	13000.  3.00000  -0.1
   295	13000.  3.50000  -0.1
   296	13000.  4.00000  -0.1
   297	13000.  4.50000  -0.1
   298	13000.  5.00000  -0.1
   299	14000.  2.00000  -0.1
   300	14000.  2.50000  -0.1
   301	14000.  3.00000  -0.1
   302	14000.  3.50000  -0.1
   303	14000.  4.00000  -0.1
   304	14000.  4.50000  -0.1
   305	14000.  5.00000  -0.1
   306	15000.  2.50000  -0.1
   307	15000.  3.00000  -0.1
   308	15000.  3.50000  -0.1
   309	15000.  4.00000  -0.1
   310	15000.  4.50000  -0.1
   311	15000.  5.00000  -0.1
   312	16000.  2.50000  -0.1
   313	16000.  3.00000  -0.1
   314	16000.  3.50000  -0.1
   315	16000.  4.00000  -0.1
   316	16000.  4.50000  -0.1
   317	16000.  5.00000  -0.1
   318	17000.  2.50000  -0.1
   319	17000.  3.00000  -0.1
   320	17000.  3.50000  -0.1
   321	17000.  4.00000  -0.1
   322	17000.  4.50000  -0.1
   323	17000.  5.00000  -0.1
   324	18000.  2.50000  -0.1
   325	18000.  3.00000  -0.1
   326	18000.  3.50000  -0.1
   327	18000.  4.00000  -0.1
   328	18000.  4.50000  -0.1
   329	18000.  5.00000  -0.1
   330	19000.  2.50000  -0.1
   331	19000.  3.00000  -0.1
   332	19000.  3.50000  -0.1
   333	19000.  4.00000  -0.1
   334	19000.  4.50000  -0.1
   335	19000.  5.00000  -0.1
   336	20000.  3.00000  -0.1
   337	20000.  3.50000  -0.1
   338	20000.  4.00000  -0.1
   339	20000.  4.50000  -0.1
   340	20000.  5.00000  -0.1
   341	21000.  3.00000  -0.1
   342	21000.  3.50000  -0.1
   343	21000.  4.00000  -0.1
   344	21000.  4.50000  -0.1
   345	21000.  5.00000  -0.1
   346	22000.  3.00000  -0.1
   347	22000.  3.50000  -0.1
   348	22000.  4.00000  -0.1
   349	22000.  4.50000  -0.1
   350	22000.  5.00000  -0.1
   351	23000.  3.00000  -0.1
   352	23000.  3.50000  -0.1
   353	23000.  4.00000  -0.1
   354	23000.  4.50000  -0.1
   355	23000.  5.00000  -0.1
   356	24000.  3.00000  -0.1
   357	24000.  3.50000  -0.1
   358	24000.  4.00000  -0.1
   359	24000.  4.50000  -0.1
   360	24000.  5.00000  -0.1
   361	25000.  3.00000  -0.1
   362	25000.  3.50000  -0.1
   363	25000.  4.00000  -0.1
   364	25000.  4.50000  -0.1
   365	25000.  5.00000  -0.1
   366	26000.  3.00000  -0.1
   367	26000.  3.50000  -0.1
   368	26000.  4.00000  -0.1
   369	26000.  4.50000  -0.1
   370	26000.  5.00000  -0.1
   371	27000.  3.50000  -0.1
   372	27000.  4.00000  -0.1
   373	27000.  4.50000  -0.1
   374	27000.  5.00000  -0.1
   375	28000.  3.50000  -0.1
   376	28000.  4.00000  -0.1
   377	28000.  4.50000  -0.1
   378	28000.  5.00000  -0.1
   379	29000.  3.50000  -0.1
   380	29000.  4.00000  -0.1
   381	29000.  4.50000  -0.1
   382	29000.  5.00000  -0.1
   383	30000.  3.50000  -0.1
   384	30000.  4.00000  -0.1
   385	30000.  4.50000  -0.1
   386	30000.  5.00000  -0.1
   387	31000.  3.50000  -0.1
   388	31000.  4.00000  -0.1
   389	31000.  4.50000  -0.1
   390	31000.  5.00000  -0.1
   391	32000.  4.00000  -0.1
   392	32000.  4.50000  -0.1
   393	32000.  5.00000  -0.1
   394	33000.  4.00000  -0.1
   395	33000.  4.50000  -0.1
   396	33000.  5.00000  -0.1
   397	34000.  4.00000  -0.1
   398	34000.  4.50000  -0.1
   399	34000.  5.00000  -0.1
   400	35000.  4.00000  -0.1
   401	35000.  4.50000  -0.1
   402	35000.  5.00000  -0.1
   403	37500.  4.50000  -0.1
   404	37500.  5.00000  -0.1
   405	40000.  4.50000  -0.1
   406	40000.  5.00000  -0.1
   407	42500.  5.00000  -0.1
   408	45000.  5.00000  -0.1
   409	47500.  5.00000  -0.1
   410	50000.  5.00000  -0.1
   411	 3500.  0.00000  -1.0
   412	 3500.  0.50000  -1.0
   413	 3500.  1.00000  -1.0
   414	 3500.  1.50000  -1.0
   415	 3500.  2.00000  -1.0
   416	 3500.  2.50000  -1.0
   417	 3500.  3.00000  -1.0
   418	 3500.  3.50000  -1.0
   419	 3500.  4.00000  -1.0
   420	 3500.  4.50000  -1.0
   421	 3500.  5.00000  -1.0
   422	 3750.  0.00000  -1.0
   423	 3750.  0.50000  -1.0
   424	 3750.  1.00000  -1.0
   425	 3750.  1.50000  -1.0
   426	 3750.  2.00000  -1.0
   427	 3750.  2.50000  -1.0
   428	 3750.  3.00000  -1.0
   429	 3750.  3.50000  -1.0
   430	 3750.  4.00000  -1.0
   431	 3750.  4.50000  -1.0
   432	 3750.  5.00000  -1.0
   433	 4000.  0.00000  -1.0
   434	 4000.  0.50000  -1.0
   435	 4000.  1.00000  -1.0
   436	 4000.  1.50000  -1.0
   437	 4000.  2.00000  -1.0
   438	 4000.  2.50000  -1.0
   439	 4000.  3.00000  -1.0
   440	 4000.  3.50000  -1.0
   441	 4000.  4.00000  -1.0
   442	 4000.  4.50000  -1.0
   443	 4000.  5.00000  -1.0
   444	 4250.  0.00000  -1.0
   445	 4250.  0.50000  -1.0
   446	 4250.  1.00000  -1.0
   447	 4250.  1.50000  -1.0
   448	 4250.  2.00000  -1.0
   449	 4250.  2.50000  -1.0
   450	 4250.  3.00000  -1.0
   451	 4250.  3.50000  -1.0
   452	 4250.  4.00000  -1.0
   453	 4250.  4.50000  -1.0
   454	 4250.  5.00000  -1.0
   455	 4500.  0.00000  -1.0
   456	 4500.  0.50000  -1.0
   457	 4500.  1.00000  -1.0
   458	 4500.  1.50000  -1.0
   459	 4500.  2.00000  -1.0
   460	 4500.  2.50000  -1.0
   461	 4500.  3.00000  -1.0
   462	 4500.  3.50000  -1.0
   463	 4500.  4.00000  -1.0
   464	 4500.  4.50000  -1.0
   465	 4500.  5.00000  -1.0
   466	 4750.  0.00000  -1.0
   467	 4750.  0.50000  -1.0
   468	 4750.  1.00000  -1.0
   469	 4750.  1.50000  -1.0
   470	 4750.  2.00000  -1.0
   471	 4750.  2.50000  -1.0
   472	 4750.  3.00000  -1.0
   473	 4750.  3.50000  -1.0
   474	 4750.  4.00000  -1.0
   475	 4750.  4.50000  -1.0
   476	 4750.  5.00000  -1.0
   477	 5000.  0.00000  -1.0
   478	 5000.  0.50000  -1.0
   479	 5000.  1.00000  -1.0
   480	 5000.  1.50000  -1.0
   481	 5000.  2.00000  -1.0
   482	 5000.  2.50000  -1.0
   483	 5000.  3.00000  -1.0
   484	 5000.  3.50000  -1.0
   485	 5000.  4.00000  -1.0
   486	 5000.  4.50000  -1.0
   487	 5000.  5.00000  -1.0
   488	 5250.  0.00000  -1.0
   489	 5250.  0.50000  -1.0
   490	 5250.  1.00000  -1.0
   491	 5250.  1.50000  -1.0
   492	 5250.  2.00000  -1.0
   493	 5250.  2.50000  -1.0
   494	 5250.  3.00000  -1.0
   495	 5250.  3.50000  -1.0
   496	 5250.  4.00000  -1.0
   497	 5250.  4.50000  -1.0
   498	 5250.  5.00000  -1.0
   499	 5500.  0.00000  -1.0
   500	 5500.  0.50000  -1.0
   501	 5500.  1.00000  -1.0
   502	 5500.  1.50000  -1.0
   503	 5500.  2.00000  -1.0
   504	 5500.  2.50000  -1.0
   505	 5500.  3.00000  -1.0
   506	 5500.  3.50000  -1.0
   507	 5500.  4.00000  -1.0
   508	 5500.  4.50000  -1.0
   509	 5500.  5.00000  -1.0
   510	 5750.  0.00000  -1.0
   511	 5750.  0.50000  -1.0
   512	 5750.  1.00000  -1.0
   513	 5750.  1.50000  -1.0
   514	 5750.  2.00000  -1.0
   515	 5750.  2.50000  -1.0
   516	 5750.  3.00000  -1.0
   517	 5750.  3.50000  -1.0
   518	 5750.  4.00000  -1.0
   519	 5750.  4.50000  -1.0
   520	 5750.  5.00000  -1.0
   521	 6000.  0.00000  -1.0
   522	 6000.  0.50000  -1.0
   523	 6000.  1.00000  -1.0
   524	 6000.  1.50000  -1.0
   525	 6000.  2.00000  -1.0
   526	 6000.  2.50000  -1.0
   527	 6000.  3.00000  -1.0
   528	 6000.  3.50000  -1.0
   529	 6000.  4.00000  -1.0
   530	 6000.  4.50000  -1.0
   531	 6000.  5.00000  -1.0
   532	 6250.  0.50000  -1.0
   533	 6250.  1.00000  -1.0
   534	 6250.  1.50000  -1.0
   535	 6250.  2.00000  -1.0
   536	 6250.  2.50000  -1.0
   537	 6250.  3.00000  -1.0
   538	 6250.  3.50000  -1.0
   539	 6250.  4.00000  -1.0
   540	 6250.  4.50000  -1.0
   541	 6250.  5.00000  -1.0
   542	 6500.  0.50000  -1.0
   543	 6500.  1.00000  -1.0
   544	 6500.  1.50000  -1.0
   545	 6500.  2.00000  -1.0
   546	 6500.  2.50000  -1.0
   547	 6500.  3.00000  -1.0
   548	 6500.  3.50000  -1.0
   549	 6500.  4.00000  -1.0
   550	 6500.  4.50000  -1.0
   551	 6500.  5.00000  -1.0
   552	 6750.  0.50000  -1.0
   553	 6750.  1.00000  -1.0
   554	 6750.  1.50000  -1.0
   555	 6750.  2.00000  -1.0
   556	 6750.  2.50000  -1.0
   557	 6750.  3.00000  -1.0
   558	 6750.  3.50000  -1.0
   559	 6750.  4.00000  -1.0
   560	 6750.  4.50000  -1.0
   561	 6750.  5.00000  -1.0
   562	 7000.  0.50000  -1.0
   563	 7000.  1.00000  -1.0
   564	 7000.  1.50000  -1.0
   565	 7000.  2.00000  -1.0
   566	 7000.  2.50000  -1.0
   567	 7000.  3.00000  -1.0
   568	 7000.  3.50000  -1.0
   569	 7000.  4.00000  -1.0
   570	 7000.  4.50000  -1.0
   571	 7000.  5.00000  -1.0
   572	 7250.  0.50000  -1.0
   573	 7250.  1.00000  -1.0
   574	 7250.  1.50000  -1.0
   575	 7250.  2.00000  -1.0
   576	 7250.  2.50000  -1.0
   577	 7250.  3.00000  -1.0
   578	 7250.  3.50000  -1.0
   579	 7250.  4.00000  -1.0
   580	 7250.  4.50000  -1.0
   581	 7250.  5.00000  -1.0
   582	 7500.  0.50000  -1.0
   583	 7500.  1.00000  -1.0
   584	 7500.  1.50000  -1.0
   585	 7500.  2.00000  -1.0
   586	 7500.  2.50000  -1.0
   587	 7500.  3.00000  -1.0
   588	 7500.  3.50000  -1.0
   589	 7500.  4.00000  -1.0
   590	 7500.  4.50000  -1.0
   591	 7500.  5.00000  -1.0
   592	 7750.  1.00000  -1.0
   593	 7750.  1.50000  -1.0
   594	 7750.  2.00000  -1.0
   595	 7750.  2.50000  -1.0
   596	 7750.  3.00000  -1.0
   597	 7750.  3.50000  -1.0
   598	 7750.  4.00000  -1.0
   599	 7750.  4.50000  -1.0
   600	 7750.  5.00000  -1.0
   601	 8000.  1.00000  -1.0
   602	 8000.  1.50000  -1.0
   603	 8000.  2.00000  -1.0
   604	 8000.  2.50000  -1.0
   605	 8000.  3.00000  -1.0
   606	 8000.  3.50000  -1.0
   607	 8000.  4.00000  -1.0
   608	 8000.  4.50000  -1.0
   609	 8000.  5.00000  -1.0
   610	 8250.  1.00000  -1.0
   611	 8250.  1.50000  -1.0
   612	 8250.  2.00000  -1.0
   613	 8250.  2.50000  -1.0
   614	 8250.  3.00000  -1.0
   615	 8250.  3.50000  -1.0
   616	 8250.  4.00000  -1.0
   617	 8250.  4.50000  -1.0
   618	 8250.  5.00000  -1.0
   619	 8500.  1.50000  -1.0
   620	 8500.  2.00000  -1.0
   621	 8500.  2.50000  -1.0
   622	 8500.  3.00000  -1.0
   623	 8500.  3.50000  -1.0
   624	 8500.  4.00000  -1.0
   625	 8500.  4.50000  -1.0
   626	 8500.  5.00000  -1.0
   627	 8750.  1.50000  -1.0
   628	 8750.  2.00000  -1.0
   629	 8750.  2.50000  -1.0
   630	 8750.  3.00000  -1.0
   631	 8750.  3.50000  -1.0
   632	 8750.  4.00000  -1.0
   633	 8750.  4.50000  -1.0
   634	 8750.  5.00000  -1.0
   635	 9000.  1.50000  -1.0
   636	 9000.  2.00000  -1.0
   637	 9000.  2.50000  -1.0
   638	 9000.  3.00000  -1.0
   639	 9000.  3.50000  -1.0
   640	 9000.  4.00000  -1.0
   641	 9000.  4.50000  -1.0
   642	 9000.  5.00000  -1.0
   643	 9250.  2.00000  -1.0
   644	 9250.  2.50000  -1.0
   645	 9250.  3.00000  -1.0
   646	 9250.  3.50000  -1.0
   647	 9250.  4.00000  -1.0
   648	 9250.  4.50000  -1.0
   649	 9250.  5.00000  -1.0
   650	 9500.  2.00000  -1.0
   651	 9500.  2.50000  -1.0
   652	 9500.  3.00000  -1.0
   653	 9500.  3.50000  -1.0
   654	 9500.  4.00000  -1.0
   655	 9500.  4.50000  -1.0
   656	 9500.  5.00000  -1.0
   657	 9750.  2.00000  -1.0
   658	 9750.  2.50000  -1.0
   659	 9750.  3.00000  -1.0
   660	 9750.  3.50000  -1.0
   661	 9750.  4.00000  -1.0
   662	 9750.  4.50000  -1.0
   663	 9750.  5.00000  -1.0
   664	10000.  2.00000  -1.0
   665	10000.  2.50000  -1.0
   666	10000.  3.00000  -1.0
   667	10000.  3.50000  -1.0
   668	10000.  4.00000  -1.0
   669	10000.  4.50000  -1.0
   670	10000.  5.00000  -1.0
   671	10500.  2.00000  -1.0
   672	10500.  2.50000  -1.0
   673	10500.  3.00000  -1.0
   674	10500.  3.50000  -1.0
   675	10500.  4.00000  -1.0
   676	10500.  4.50000  -1.0
   677	10500.  5.00000  -1.0
   678	11000.  2.50000  -1.0
   679	11000.  3.00000  -1.0
   680	11000.  3.50000  -1.0
   681	11000.  4.00000  -1.0
   682	11000.  4.50000  -1.0
   683	11000.  5.00000  -1.0
   684	11500.  2.50000  -1.0
   685	11500.  3.00000  -1.0
   686	11500.  3.50000  -1.0
   687	11500.  4.00000  -1.0
   688	11500.  4.50000  -1.0
   689	11500.  5.00000  -1.0
   690	12000.  2.50000  -1.0
   691	12000.  3.00000  -1.0
   692	12000.  3.50000  -1.0
   693	12000.  4.00000  -1.0
   694	12000.  4.50000  -1.0
   695	12000.  5.00000  -1.0
   696	12500.  2.50000  -1.0
   697	12500.  3.00000  -1.0
   698	12500.  3.50000  -1.0
   699	12500.  4.00000  -1.0
   700	12500.  4.50000  -1.0
   701	12500.  5.00000  -1.0
   702	13000.  2.50000  -1.0
   703	13000.  3.00000  -1.0
   704	13000.  3.50000  -1.0
   705	13000.  4.00000  -1.0
   706	13000.  4.50000  -1.0
   707	13000.  5.00000  -1.0
   708	14000.  2.00000  -1.0
   709	14000.  2.50000  -1.0
   710	14000.  3.00000  -1.0
   711	14000.  3.50000  -1.0
   712	14000.  4.00000  -1.0
   713	14000.  4.50000  -1.0
   714	14000.  5.00000  -1.0
   715	15000.  2.50000  -1.0
   716	15000.  3.00000  -1.0
   717	15000.  3.50000  -1.0
   718	15000.  4.00000  -1.0
   719	15000.  4.50000  -1.0
   720	15000.  5.00000  -1.0
   721	16000.  2.50000  -1.0
   722	16000.  3.00000  -1.0
   723	16000.  3.50000  -1.0
   724	16000.  4.00000  -1.0
   725	16000.  4.50000  -1.0
   726	16000.  5.00000  -1.0
   727	17000.  2.50000  -1.0
   728	17000.  3.00000  -1.0
   729	17000.  3.50000  -1.0
   730	17000.  4.00000  -1.0
   731	17000.  4.50000  -1.0
   732	17000.  5.00000  -1.0
   733	18000.  2.50000  -1.0
   734	18000.  3.00000  -1.0
   735	18000.  3.50000  -1.0
   736	18000.  4.00000  -1.0
   737	18000.  4.50000  -1.0
   738	18000.  5.00000  -1.0
   739	19000.  2.50000  -1.0
   740	19000.  3.00000  -1.0
   741	19000.  3.50000  -1.0
   742	19000.  4.00000  -1.0
   743	19000.  4.50000  -1.0
   744	19000.  5.00000  -1.0
   745	20000.  3.00000  -1.0
   746	20000.  3.50000  -1.0
   747	20000.  4.00000  -1.0
   748	20000.  4.50000  -1.0
   749	20000.  5.00000  -1.0
   750	21000.  3.00000  -1.0
   751	21000.  3.50000  -1.0
   752	21000.  4.00000  -1.0
   753	21000.  4.50000  -1.0
   754	21000.  5.00000  -1.0
   755	22000.  3.00000  -1.0
   756	22000.  3.50000  -1.0
   757	22000.  4.00000  -1.0
   758	22000.  4.50000  -1.0
   759	22000.  5.00000  -1.0
   760	23000.  3.00000  -1.0
   761	23000.  3.50000  -1.0
   762	23000.  4.00000  -1.0
   763	23000.  4.50000  -1.0
   764	23000.  5.00000  -1.0
   765	24000.  3.00000  -1.0
   766	24000.  3.50000  -1.0
   767	24000.  4.00000  -1.0
   768	24000.  4.50000  -1.0
   769	24000.  5.00000  -1.0
   770	25000.  3.00000  -1.0
   771	25000.  3.50000  -1.0
   772	25000.  4.00000  -1.0
   773	25000.  4.50000  -1.0
   774	25000.  5.00000  -1.0
   775	26000.  3.00000  -1.0
   776	26000.  3.50000  -1.0
   777	26000.  4.00000  -1.0
   778	26000.  4.50000  -1.0
   779	26000.  5.00000  -1.0
   780	27000.  3.50000  -1.0
   781	27000.  4.00000  -1.0
   782	27000.  4.50000  -1.0
   783	27000.  5.00000  -1.0
   784	28000.  3.50000  -1.0
   785	28000.  4.00000  -1.0
   786	28000.  4.50000  -1.0
   787	28000.  5.00000  -1.0
   788	29000.  3.50000  -1.0
   789	29000.  4.00000  -1.0
   790	29000.  4.50000  -1.0
   791	29000.  5.00000  -1.0
   792	30000.  3.50000  -1.0
   793	30000.  4.00000  -1.0
   794	30000.  4.50000  -1.0
   795	30000.  5.00000  -1.0
   796	31000.  3.50000  -1.0
   797	31000.  4.00000  -1.0
   798	31000.  4.50000  -1.0
   799	31000.  5.00000  -1.0
   800	32000.  4.00000  -1.0
   801	32000.  4.50000  -1.0
   802	32000.  5.00000  -1.0
   803	33000.  4.00000  -1.0
   804	33000.  4.50000  -1.0
   805	33000.  5.00000  -1.0
   806	34000.  4.00000  -1.0
   807	34000.  4.50000  -1.0
   808	34000.  5.00000  -1.0
   809	35000.  4.00000  -1.0
   810	35000.  4.50000  -1.0
   811	35000.  5.00000  -1.0
   812	37500.  4.50000  -1.0
   813	37500.  5.00000  -1.0
   814	40000.  4.50000  -1.0
   815	40000.  5.00000  -1.0
   816	42500.  5.00000  -1.0
   817	45000.  5.00000  -1.0
   818	47500.  5.00000  -1.0
   819	50000.  5.00000  -1.0
